0.0
0.0
0.9963512420654297
0.0
0.9984970092773438
0.0
1.0018348693847656
0.9984970092773438
1.0004043579101562
0.9992122650146484
1.0004043579101562
2.0008087158203125
0.9992122650146484
2.000570297241211
1.9991397857666016
2.000093460083008
2.000093460083008
2.000093460083008
2.9993057250976562
2.001047134399414
2.999544143676758
3.999948501586914
2.9997825622558594
3.999948501586914
4.000663757324219
3.9997100830078125
4.000186920166016
3.999471664428711
4.999876022338867
5.00035285949707
6.000280380249023
4.999399185180664
6.000280380249023
5.99980354309082
6.000041961669922
7.00068473815918
6.99925422668457
6.999969482421875
8.000373840332031
8.000373840332031
7.999658584594727
8.00013542175293
8.99958610534668
9.000301361083984
9.000062942504883
9.999513626098633
10.000228881835938
10.999917984008789
11.0015869140625
10.999202728271484
11.99960708618164
12.000083923339844
13.00048828125
12.99905776977539
13.000011444091797
13.99993896484375
14.000177383422852
14.999866485595703
15.000104904174805
14.999866485595703
16.001462936401367
16.998767852783203
16.00027084350586
17.99941062927246
17.032384872436523
19.00005340576172
18.00084114074707
18.999099731445312
19.00029182434082
19.999980926513672
19.999980926513672
20.999908447265625
22.00007438659668
22.00031280517578
23.000240325927734
22.99952507019043
23.028135299682617
24.97243881225586
25.99954605102539
25.99954605102539
26.000499725341797
27.9996395111084
27.00018882751465
30.028820037841797
28.510093688964844
28.99956703186035
29.999971389770508
30.99989891052246
32.000064849853516
31.999826431274414
32.00030326843262
34.000396728515625
34.000396728515625
34.99889373779297
35.00056266784668
36.00049018859863
37.40239143371582
37.62245178222656
38.00034523010254
39.99972343444824
40.999412536621094
41.0003662109375
41.99934005737305
42.00005531311035
42.999982833862305
44.00014877319336
42.525291442871094
44.06929016113281
44.10409927368164
47.50204086303711
46.50545120239258
47.00016975402832
46.99969291687012
49.00002479553223
49.04031753540039
51.328420639038086
50.820112228393555
53.00116539001465
53.99894714355469
54.0006160736084
55.00030517578125
55.00173568725586
56.99777603149414
56.99944496154785
58.00056457519531
58.58874320983887
60.00018119812012
59.999704360961914
62.00122833251953
61.998844146728516
63.00067901611328
62.99924850463867
66.00022315979004
65.99998474121094
66.99991226196289
66.99991226196289
69.000244140625
69.000244140625
71.00057601928711
70.9989070892334
72.00002670288086
73.00043106079102
72.99995422363281
74.99980926513672
76.00069046020508
75.99997520446777
78.00006866455078
78.99999618530273
78.99975776672363
81.51435852050781
82.000732421875
82.99779891967773
83.00018310546875
84.86604690551758
86.99965476989746
86.00020408630371
89.00117874145508
90.99888801574707
89.01715278625488
90.99912643432617
93.99986267089844
92.99969673156738
97.0010757446289
99.00093078613281
99.00069236755371
99.99775886535645
100.00443458557129
100.99530220031738
101.00030899047852
103.01399230957031
104.99954223632812
111.00077629089355
108.99853706359863
109.9998950958252
110.0001335144043
112.0002269744873
112.99991607666016
118.00003051757812
116.01543426513672
114.00079727172852
115.99898338317871
117.00057983398438
122.00188636779785
119.99893188476562
120.7432746887207
120.99981307983398
123.52728843688965
123.99983406066895
124.00007247924805
127.00009346008301
128.00049781799316
128.00145149230957
130.9988498687744
130.99980354309082
132.99942016601562
134.99999046325684
134.99999046325684
135.9999179840088
1.0004043579101562
1.9991397857666016
2.9997825622558594
3.9992332458496094
7.000207901000977
7.999658584594727
11.00015640258789
13.000249862670898
16.008615493774414
20.000219345092773
23.000240325927734
26.999473571777344
31.009674072265625
36.02433204650879
40.01498222351074
45.023202896118164
51.06234550476074
55.84979057312012
62.04533576965332
67.21878051757812
74.99957084655762
81.00008964538574
88.00125122070312
95.0005054473877
102.99825668334961
111.02724075317383
119.97270584106445
126.9996166229248
137.00032234191895
145.02429962158203
155.99989891052246
164.0000343322754
173.99978637695312
185.00018119812012
195.00041007995605
205.99937438964844
217.00024604797363
227.99968719482422
242.00010299682617
252.000093460083
263.0002498626709
272.99976348876953
286.9999408721924
299.00121688842773
313.02380561828613
327.00061798095703
338.52076530456543
351.0000705718994
366.99986457824707
380.00035285949707
397.5491523742676
412.5542640686035
428.00045013427734
444.5371627807617
458.00018310546875
475.00109672546387
491.0159111022949
507.54594802856445
522.9899883270264
541.0001277923584
555.9999942779541
577.0485401153564
592.9999351501465
611.9992733001709
630.0005912780762
647.8416919708252
668.7214374542236
688.0748271942139
705.9721946716309
727.031946182251
746.0899353027344
766.000509262085
805.6626319885254
811.9995594024658
833.0001831054688
854.7794818878174
884.9527835845947
904.9999713897705
944.0493583679199
970.5135822296143
999.4697570800781
1019.2735195159912
1050.6367683410645
1067.5113201141357
1078.0937671661377
1113.4192943572998
1139.0364170074463
1179.032564163208
1193.6581134796143
1209.1023921966553
1241.145372390747
1282.1190357208252
1290.1079654693604
1318.077564239502
1346.0643291473389
1370.5213069915771
1406.9843292236328
1434.9968433380127
1469.6192741394043
1490.1008605957031
1520.9922790527344
1543.0500507354736
1581.040620803833
1607.520580291748
1636.5327835083008
1666.5825843811035
1696.9988346099854
1732.713222503662
1760.1945400238037
1797.5130081176758
1825.0000476837158
1886.0015869140625
1910.6173515319824
1954.5538425445557
1975.2373695373535
1966.0263061523438
2005.061149597168
2075.4716396331787
2121.554136276245
2136.0011100769043
2205.883741378784
2252.1698474884033
2278.350591659546
2314.4209384918213
2322.996139526367
2352.1368503570557
2394.103765487671
2451.7393112182617
2468.8844680786133
2514.5652294158936
2535.6030464172363
2628.5955905914307
2641.0319805145264
2655.3726196289062
2715.491771697998
2783.9934825897217
2824.178695678711
2861.2751960754395
2897.570848464966
2956.496000289917
2972.3148345947266
3001.000165939331
3037.9908084869385
3062.022924423218
3104.3174266815186
3131.2217712402344
3179.0380477905273
3261.631965637207
3264.1654014587402
3321.6395378112793
3365.832567214966
3394.515037536621
3446.615219116211
3470.8902835845947
3492.7852153778076
3512.59183883667
3558.2275390625
3616.582155227661
3628.216505050659
3682.663679122925
3769.5555686950684
3968.050003051758
3971.0114002227783
3978.6853790283203
4072.6308822631836
4121.439218521118
4104.483842849731
4152.512788772583
4226.8736362457275
4243.10827255249
4268.769025802612
4267.6661014556885
4317.637205123901
4375.857591629028
4453.961372375488
4503.126859664917
4574.244260787964
4583.811521530151
4771.528959274292
4802.129030227661
4896.292448043823
4886.013746261597
4883.308172225952
4917.675971984863
5018.480539321899
5067.573308944702
5087.702035903931
5161.115646362305
5134.852170944214
5325.70743560791
5227.665662765503
5236.9890213012695
5272.591352462769
5337.077617645264
5390.547037124634
5444.625616073608
5512.069940567017
5595.276832580566
0.5097389221191406
0.0
0.0
0.0
0.0
1.012563705444336
0.0
0.9984970092773438
0.0
0.9999275207519531
1.0111331939697266
0.0
0.9899139404296875
1.9993782043457031
0.99945068359375
0.9999275207519531
1.0008811950683594
2.0029544830322266
1.9979476928710938
0.9982585906982422
2.000093460083008
2.0029544830322266
1.9984245300292969
1.9993782043457031
2.0020008087158203
2.99835205078125
1.9993782043457031
3.0007362365722656
2.998828887939453
3.0014514923095703
2.99835205078125
3.0066967010498047
3.9937496185302734
4.000663757324219
2.9990673065185547
4.000663757324219
5.005359649658203
3.9958953857421875
5.001544952392578
4.998207092285156
4.999876022338867
4.998207092285156
6.00123405456543
5.999565124511719
6.000757217407227
5.999326705932617
6.99925422668457
7.00068473815918
7.000207901000977
6.999015808105469
8.001089096069336
8.000612258911133
7.0018768310546875
7.996320724487305
8.001327514648438
9.000062942504883
7.99870491027832
9.002447128295898
8.998870849609375
9.000062942504883
9.000301361083984
9.998798370361328
10.000944137573242
10.000228881835938
11.000394821166992
11.998414993286133
11.000871658325195
12.001752853393555
12.000083923339844
11.998414993286133
11.999368667602539
13.000726699829102
12.999296188354492
13.000249862670898
12.998819351196289
13.000249862670898
15.000343322753906
13.999700546264648
14.000415802001953
15.000104904174805
14.999866485595703
15.00082015991211
15.000343322753906
14.999628067016602
15.000104904174805
16.000747680664062
15.999317169189453
15.999078750610352
16.000032424926758
16.002178192138672
16.99662208557129
16.55411720275879
17.00139045715332
16.999006271362305
17.99917221069336
17.002344131469727
17.99941062927246
17.999649047851562
17.998695373535156
18.002033233642578
18.999099731445312
18.998384475708008
19.000768661499023
20.000934600830078
20.000696182250977
19.998788833618164
20.001888275146484
20.00141143798828
20.998716354370117
20.998477935791016
21.001338958740234
21.999359130859375
21.998882293701172
22.00007438659668
23.000240325927734
21.999835968017578
23.001432418823242
22.997617721557617
24.0023136138916
23.99754524230957
22.99952507019043
26.000261306762695
26.0009765625
24.999380111694336
25.00319480895996
26.00836753845215
24.997949600219727
26.000499725341797
25.99930763244629
26.000261306762695
27.9998779296875
28.000354766845703
28.99956703186035
28.999805450439453
28.999805450439453
29.001474380493164
29.004573822021484
29.994964599609375
29.999494552612305
30.00020980834961
30.99989891052246
29.999971389770508
30.999422073364258
32.000064849853516
32.00078010559082
32.002925872802734
31.99625015258789
31.525850296020508
34.00063514709473
32.99999237060547
32.99903869628906
35.00103950500488
33.998966217041016
34.00063514709473
34.00015830993652
34.99889373779297
35.00080108642578
36.000728607177734
37.99843788146973
36.99994087219238
35.99977493286133
36.00168228149414
37.52708435058594
37.999629974365234
37.00089454650879
37.99891471862793
37.999629974365234
39.0012264251709
38.999080657958984
39.00146484375
40.46940803527832
39.998769760131836
40.000200271606445
39.99948501586914
41.007041931152344
40.99273681640625
41.00346565246582
41.99624061584473
43.883323669433594
41.998863220214844
43.00045967102051
41.99957847595215
41.998863220214844
43.108224868774414
43.03598403930664
43.04695129394531
44.026851654052734
44.02971267700195
45.03488540649414
44.01683807373047
44.99006271362305
46.52523994445801
44.536590576171875
45.087337493896484
45.14026641845703
46.00071907043457
46.99897766113281
46.999454498291016
1000
1500
2000
2500
3000
3500
4000
4500
5000
5500
6000
6500
7000
7500
8000
8500
9000
9500
10000
10500
11000
11500
12000
12500
13000
13500
14000
14500
15000
15500
16000
16500
17000
17500
18000
18500
19000
19500
20000
20500
21000
21500
22000
22500
23000
23500
24000
24500
25000
25500
26000
26500
27000
27500
28000
28500
29000
29500
30000
30500
31000
31500
32000
32500
33000
33500
34000
34500
35000
35500
36000
36500
37000
37500
38000
38500
39000
39500
40000
40500
41000
41500
42000
42500
43000
43500
44000
44500
45000
45500
46000
46500
47000
47500
48000
48500
49000
49500
50000
50500
51000
51500
52000
52500
53000
53500
54000
54500
55000
55500
56000
56500
57000
57500
58000
58500
59000
59500
60000
60500
61000
61500
62000
62500
63000
63500
64000
64500
65000
65500
66000
66500
67000
67500
68000
68500
69000
69500
70000
70500
71000
71500
72000
72500
73000
73500
74000
74500
75000
75500
76000
76500
77000
77500
78000
78500
79000
79500
80000
80500
81000
81500
82000
82500
83000
83500
84000
84500
85000
85500
86000
86500
87000
87500
88000
88500
89000
89500
90000
90500
91000
91500
92000
92500
93000
93500
94000
94500
95000
95500
96000
96500
97000
97500
98000
98500
99000
99500
